-0.033 & -0.033 & -0.033 & -0.032 & -0.031 & -0.032 & -0.033 & -0.033 & -0.033 \\
-0.033 & -0.032 & -0.028 & -0.020 & -0.016 & -0.020 & -0.028 & -0.032 & -0.033 \\
-0.033 & -0.028 & -0.009 & +0.025 & +0.045 & +0.025 & -0.009 & -0.028 & -0.033 \\
-0.032 & -0.020 & +0.025 & +0.108 & +0.156 & +0.108 & +0.025 & -0.020 & -0.032 \\
-0.031 & -0.016 & +0.045 & +0.156 & +0.222 & +0.156 & +0.045 & -0.016 & -0.031 \\
-0.032 & -0.020 & +0.025 & +0.108 & +0.156 & +0.108 & +0.025 & -0.020 & -0.032 \\
-0.033 & -0.028 & -0.009 & +0.025 & +0.045 & +0.025 & -0.009 & -0.028 & -0.033 \\
-0.033 & -0.032 & -0.028 & -0.020 & -0.016 & -0.020 & -0.028 & -0.032 & -0.033 \\
-0.033 & -0.033 & -0.033 & -0.032 & -0.031 & -0.032 & -0.033 & -0.033 & -0.033 \\
